player,last_date,match_number,matches_played,elo_rating,lefty_elo_rating,righty_elo_rating,hard_elo_rating,clay_elo_rating,grass_elo_rating,outdoor_elo_rating,indoor_elo_rating,set_elo_rating,game_elo_rating,service_game_elo_rating,return_game_elo_rating,tie_break_elo_rating
Iga Swiatek,2023-10-30,293,150,2129.991055717711,1500,1500,2046.5898913962465,1940.1704072966595,1761.2059593871445,1500,1500,2132.218732061849,1969.7462184298163,1860.6897789991515,1894.4575055379146,1804.84155980771
Coco Gauff,2023-10-30,294,123,2017.6069711764305,1500,1500,1972.2574694201144,1775.221442759684,1637.9307494785244,1500,1500,1975.2285383441617,1817.288717627791,1748.3046860454485,1840.69557640721,1838.6488414071716
Aryna Sabalenka,2023-10-30,300,122,2014.2088106159754,1500,1500,1949.8909644158964,1838.221284541223,1766.650425512227,1500,1500,2004.4404584328172,1853.6045814702807,1797.8882536084823,1805.8844855021052,1799.8856430969672
Jessica Pegula,2023-10-30,299,134,1996.9487769071325,1500,1500,1954.2617612559666,1740.50610040695,1732.4102963812018,1500,1500,1959.2873614811933,1827.4030098254607,1761.914668239361,1855.6167888091318,1764.1659231678104
Elena Rybakina,2023-10-30,300,109,1972.6446563823024,1500,1500,1933.5735538427348,1762.2198066768974,1804.5940072083486,1500,1500,1974.462235406388,1815.7094436828213,1763.3580768233862,1802.6736187659583,1733.8732320917609
Ons Jabeur,2023-10-30,293,111,1922.0694693029661,1500,1500,1800.2702169814172,1834.3046423756214,1819.1979011766261,1500,1500,1878.746146916772,1755.9386688930076,1696.542728664579,1765.559403095118,1741.1572863109136
Karolina Muchova,2023-08-28,124,62,1920.4275585601733,1500,1500,1868.9291724448067,1827.1491703781207,1309.5947112135507,1500,1500,1886.642158599915,1745.8005813880784,1753.411830658536,1843.0997324200941,1798.5582949533268
Marketa Vondrousova,2023-11-07,128,68,1901.2753352012433,1500,1500,1794.08856883004,1698.467019870322,1811.1668153023559,1500,1500,1895.5602977647645,1781.0887758735118,1690.2667354011812,1840.170123931867,1678.1746047142944
Qinwen Zheng,2023-10-23,294,86,1896.148893991894,1500,1500,1855.1066611571785,1786.2538193165105,1391.1046737792203,1500,1500,1830.197227894429,1717.2284891605582,1755.6232650002657,1759.3548947571862,1763.7691517007272
Liudmila Samsonova,2023-10-23,291,102,1886.1498934427605,1500,1500,1869.0041956935622,1645.6086169478228,1560.0274250722223,1500,1500,1883.850128939278,1749.060989096328,1713.206494056972,1780.5203998648917,1698.945051552094
Madison Keys,2023-10-23,296,94,1880.0945393409975,1500,1500,1815.474465279815,1661.9825620127322,1756.5116970873576,1500,1500,1876.0802343007554,1773.5958228051898,1806.967150590286,1751.86172410126,1721.874062036741
Jelena Ostapenko,2023-10-23,293,106,1869.4724135740842,1500,1500,1800.4838663305127,1701.6556211183834,1771.127710654236,1500,1500,1820.3909637840773,1726.3165638271716,1679.3746120120616,1797.343775420195,1744.8653709149228
Petra Kvitova,2023-10-02,280,85,1868.5472723142425,1500,1500,1833.9071636521371,1193.7191443040435,1788.6013516754583,1500,1500,1840.937432456489,1710.9699086851078,1700.530739052451,1750.6020489901869,1737.8664149473902
Beatriz Haddad Maia,2023-11-10,108,106,1865.35739970681,1500,1500,1792.6427501222995,1791.8147289645417,1748.8207312568618,1500,1500,1820.4591044075853,1727.6652301481345,1760.2000466154475,1773.5329302789635,1729.649201830362
Leylah Fernandez,2023-11-07,108,81,1861.7223763946918,1500,1500,1840.471067368158,1666.5342604062507,1566.3835960203749,1500,1500,1823.9154635229665,1704.1184092829808,1748.463534769353,1791.3312348787047,1762.0540220663495
Paula Badosa,2023-07-03,149,74,1861.5342581447576,1500,1500,1752.1096088671638,1788.7234845011967,1715.661100678587,1500,1500,1838.1494020500456,1732.9741215097656,1720.652827286585,1793.1188115889647,1735.6478789563416
Belinda Bencic,2023-09-11,278,98,1857.4654399993944,1500,1500,1805.153225590685,1752.1886587296165,1696.5345561374832,1500,1500,1838.1092169967922,1744.0789946861216,1673.8063111432507,1743.4650886892625,1724.3824849199598
Daria Kasatkina,2023-10-23,300,121,1856.804310118909,1500,1500,1785.5116023118396,1777.6228329863413,1689.8276752714846,1500,1500,1816.22312563452,1701.606720284936,1651.3847918507236,1790.691822904224,1749.8556565778417
Barbora Krejcikova,2023-11-07,127,87,1850.4477194311341,1500,1500,1834.4359401028228,1586.8553154690485,1708.5336659669879,1500,1500,1816.0008222312729,1735.3664617523461,1731.4846941580638,1760.2032832874568,1689.379341180594
Elina Svitolina,2023-08-28,144,37,1842.5489487818913,1500,1500,1677.3654013438766,1769.2194908367233,1746.7633892153196,1500,1500,1791.8421592239881,1643.3352846318962,1807.3502582427132,1746.4174339453775,1758.1655671000178
Veronika Kudermetova,2023-10-23,291,109,1840.9597293029046,1500,1500,1770.2184840058048,1765.5617635751466,1694.1149586857973,1500,1500,1756.8527260593896,1680.355420624088,1729.0723922719883,1785.177074687276,1761.1702431495714
Ekaterina Alexandrova,2023-10-09,291,103,1835.1945310736962,1500,1500,1747.173104828618,1686.7484624651383,1774.6583682836483,1500,1500,1804.5214304225362,1708.25170292414,1714.8051842077994,1762.7546937705658,1745.561531241686
Lesia Tsurenko,2023-10-16,299,47,1833.4333289381377,1500,1500,1747.6575954944033,1754.1952960516182,1721.0814037386656,1500,1500,1807.2044555539603,1670.6442433693412,1635.8964000976864,1784.8227526923515,1682.480564080534
Maria Sakkari,2023-10-30,298,123,1828.1642547114002,1500,1500,1806.8343767528627,1725.925626665133,1654.645314187705,1500,1500,1803.7691090806923,1714.7852469950165,1714.8087999994211,1740.2153870026432,1712.1870119318573
Marie Bouzkova,2023-11-07,104,83,1814.801737766977,1500,1500,1752.9683929254802,1639.556850882456,1730.6699723692125,1500,1500,1789.408579525354,1723.1601519159842,1870.7905797122298,1717.008836673594,1734.5711746618256
Jasmine Paolini,2023-11-07,112,91,1811.5389031862162,1500,1500,1783.6781188893053,1681.7573789740213,1306.770871370599,1500,1500,1737.0070716232092,1598.8006697194196,1743.9164409705238,1767.496898894374,1768.4746287324847
Elise Mertens,2023-10-16,300,92,1805.2475430801996,1500,1500,1779.8696875308067,1714.4548662885038,1665.256998257708,1500,1500,1807.4976618037701,1710.2298467166697,1736.5160760721628,1812.8682062915325,1704.2896399925082
Sorana Cirstea,2023-10-16,285,85,1802.1498420010319,1500,1500,1792.288537937447,1532.9077422647738,1700.3268292521211,1500,1500,1772.1725813091875,1663.932296937325,1660.4623971680983,1789.3606099824062,1701.3862402705324
Caroline Garcia,2023-11-07,106,126,1800.6107800538423,1500,1500,1762.7842410147493,1750.1492938805209,1743.2249026115699,1500,1500,1795.4317752048646,1696.152277223037,1801.6945458586245,1729.2158527192637,1740.3139079187104
Danielle Collins,2023-11-07,113,69,1797.1876580283645,1500,1500,1785.890656386913,1469.1417104714328,1548.3767509313102,1500,1500,1804.9848068438803,1696.7439592656726,1761.5687638532258,1782.325339193563,1737.156859975979
Katerina Siniakova,2023-11-07,122,63,1794.2596039163025,1500,1500,1757.2021508728642,1626.0022430364702,1665.022199096121,1500,1500,1771.271455347951,1596.1720701709219,1683.691865081061,1748.0383856237975,1713.3715759810568
Sara Sorribes Tormo,2023-11-07,108,69,1791.7932948248606,1500,1500,1723.4972611164942,1741.8751307599393,1581.2379404577716,1500,1500,1768.411817196712,1701.131064481967,1648.826950988581,1803.4880501756827,1688.5490546630228
Sofia Kenin,2023-11-07,115,58,1788.9014416409957,1500,1500,1728.7294558764636,1651.565600821549,1654.6026264103823,1500,1500,1744.2197132267993,1589.4600368899507,1699.4565426611064,1683.5910946649517,1698.5648664506277
Clara Burel,2023-11-07,117,44,1782.4750819377457,1500,1500,1742.761317796841,1713.1938118909866,1435.323832831423,1500,1500,1769.3648854973849,1598.8572364551464,1587.1575521036054,1806.7101127964158,1676.2120866589478
Anna Kalinskaya,2023-09-25,279,52,1779.0854021076645,1500,1500,1672.1527942683015,1725.8067268666284,1523.7714767139082,1500,1500,1779.3779584904328,1637.445217751043,1708.6852868092028,1751.7658378208273,1747.6939028092272
Anastasia Potapova,2023-10-02,240,85,1778.2060982822952,1500,1500,1721.0723249942132,1756.6444743686013,1676.7309268928943,1500,1500,1766.1469013362653,1663.9896256794175,1562.8537293921995,1750.769253614103,1682.559193456398
Ajla Tomljanovic,2023-11-07,101,51,1776.0698128669183,1500,1500,1701.69915734935,1631.236927170501,1720.8025225746192,1500,1500,1735.7264857648197,1628.5509670085628,1658.920829622269,1720.8579276880212,1649.206760570787
Mirra Andreeva,2023-10-09,293,22,1773.9686453406896,1500,1500,1697.981270818152,1699.8374290604884,1651.43268684904,1500,1500,1775.3998113052878,1662.0308536999016,1767.7762545059786,1790.0757450927686,1698.4227148688983
Anastasia Pavlyuchenkova,2023-10-09,271,31,1773.2624254667983,1500,1500,1672.1573194999921,1742.4093532471056,1500.0,1500,1500,1716.3391751853628,1648.0290046388839,1758.1584707857496,1769.3827535310054,1739.8995952723558
Camila Osorio,2023-11-10,101,59,1772.8074730000305,1500,1500,1730.458543476115,1696.591363570535,1374.6110614949648,1500,1500,1735.8335966033235,1603.4893791877282,1663.4457258456614,1790.551381215808,1689.5674967705081
Anhelina Kalinina,2023-11-10,111,85,1772.3195919937223,1500,1500,1737.9842793946777,1731.555199745263,1599.1679653672709,1500,1500,1734.842408297696,1618.8300905454048,1710.763967148046,1760.6513370671382,1722.9316341087913
Petra Martic,2023-10-09,284,85,1770.5425621713484,1500,1500,1725.3385422553938,1722.1337326339515,1677.8485742725024,1500,1500,1708.2265276357773,1603.9406883084691,1762.8532615508182,1742.339492530277,1743.1249509237314
Marta Kostyuk,2023-10-02,279,77,1764.9648791727952,1500,1500,1739.8140310445074,1360.2561709345487,1660.8402641351076,1500,1500,1740.0020591681364,1592.6343904423463,1699.067030477031,1779.1669800315588,1771.9193237587883
Yulia Putintseva,2023-11-07,111,82,1764.4756325658748,1500,1500,1743.1347172171243,1675.6024436092332,1402.1317889620473,1500,1500,1748.786967976322,1640.3203085849368,1698.0801100899916,1753.7507884246838,1702.4059164757516
Laura Siegemund,2023-10-16,288,35,1764.3022186606536,1500,1500,1744.0736184176014,1551.1300605140896,1427.1496059711644,1500,1500,1713.5540155967328,1573.3004760941024,1745.2080461488297,1776.7400598671163,1760.516990679882
Sloane Stephens,2023-09-18,272,75,1760.4267333815253,1500,1500,1661.7852713811974,1741.4237721579782,1452.5943894319023,1500,1500,1750.0700649054118,1641.1419305546183,1647.2708582402179,1771.45648015528,1701.3164032353773
Linda Noskova,2023-11-07,103,45,1757.9175553884365,1500,1500,1734.7534991148048,1503.2208667389416,1416.3322731145204,1500,1500,1719.0038701400529,1606.8593773714226,1691.2144615498019,1706.6583837139979,1696.4596605182307
Diana Shnaider,2023-10-16,282,26,1753.2482177874801,1500,1500,1698.9894063695656,1703.2027337752886,1500.0,1500,1500,1715.786295515816,1601.2726752515314,1677.3614577234073,1782.5645862401602,1695.1461620001714
Xin Yu Wang,2023-10-16,274,69,1752.5886922248055,1500,1500,1748.3683493493802,1485.3050188682369,1473.5748476605406,1500,1500,1735.2160497232398,1596.850417607143,1707.7832602126102,1748.628626178416,1698.7590804463732
Lin Zhu,2023-10-23,287,71,1751.4815456984998,1500,1500,1706.9253741224493,1242.1303624905058,1600.9966451256466,1500,1500,1749.039097471104,1619.2032278439494,1694.095004837451,1761.1928067419885,1715.445199600085
Tamara Korpatsch,2023-10-16,279,37,1750.514910832625,1500,1500,1719.9786536126587,1513.901717319457,1246.1718134637335,1500,1500,1724.6701898511621,1526.3131129770734,1662.2159058607228,1776.5531817109702,1757.1351937683498
Martina Trevisan,2023-11-07,110,78,1749.8854819035348,1500,1500,1737.4219189743028,1699.8048115840227,1178.9089423355151,1500,1500,1717.7332367093177,1606.0157666587536,1636.6631476384143,1758.7238513044938,1727.9971281456976
Bianca Andreescu,2023-08-07,244,59,1747.6448337061763,1500,1500,1761.4423101823104,1669.0421139803389,1620.078152821567,1500,1500,1677.9083384993037,1602.6284120013172,1714.601338337524,1690.182538707295,1703.0844439605537
Rebeka Masarova,2023-11-07,107,34,1745.2963752512824,1500,1500,1698.2032931110284,1544.5695380999084,1623.0882363794728,1500,1500,1695.2504697553857,1530.5310904803976,1667.9079510257209,1693.2035851109554,1759.2669556509647
Caroline Dolehide,2023-09-18,264,21,1744.4529603724213,1500,1500,1728.5748692715922,1577.029780532594,1432.9674359433873,1500,1500,1697.2335897322796,1588.2851977243752,1763.9704129098175,1768.7638589583296,1799.976361424917
Victoria Azarenka,2023-10-09,285,77,1742.6749271999415,1500,1500,1732.3160556392802,1621.6710933309846,1681.1861840794172,1500,1500,1760.8850693311642,1715.1904725526563,1680.5543695199192,1768.9854810514867,1666.8022823479835
Elisabetta Cocciaretto,2023-10-02,256,51,1742.6713347807577,1500,1500,1478.0767457763611,1749.4047556936694,1637.95921744898,1500,1500,1715.8364630481312,1631.6118652076443,1608.4097424341626,1739.9886268049233,1709.3961096168132
Donna Vekic,2023-10-23,293,74,1741.94772698434,1500,1500,1710.9411103365492,1624.9191025480854,1711.495056555446,1500,1500,1715.4892504240129,1629.6747050491367,1685.3549570258456,1720.607606038013,1680.9104930664523
Kaja Juvan,2023-11-07,101,46,1739.9817123902749,1500,1500,1718.0399883839502,1643.1432433277405,1643.6676055804662,1500,1500,1723.8420570380165,1647.136697696828,1750.187161310294,1740.97545972368,1711.967084490155
Clara Tauson,2023-09-25,283,30,1737.4691999910124,1500,1500,1688.586634727734,1659.1363512087155,1500.0,1500,1500,1708.303647143279,1607.8905080127465,1756.9640816110652,1712.8198470813097,1735.551705936648
Katie Boulter,2023-11-10,124,39,1735.0691433555837,1500,1500,1657.7813442512563,1500.0,1706.7973651136365,1500,1500,1724.7577062233536,1621.3135011118172,1731.3736742018311,1779.4848903947218,1728.4989301090748
Emma Raducanu,2023-04-17,280,41,1733.9765300531265,1500,1500,1727.885286573436,1580.7200179061408,1614.1679827321204,1500,1500,1714.7144178818712,1630.7656718401365,1713.7525197115488,1641.905780846919,1670.4223091623246
Yanina Wickmayer,2023-11-10,129,21,1733.2896180857833,1500,1500,1721.5946574737577,1500.0,1507.1970203841317,1500,1500,1709.65334856279,1599.1312841966624,1729.5312445482982,1750.4039520720703,1708.2302901297383
Taylor Townsend,2023-09-18,273,20,1732.7888298932132,1500,1500,1705.0545661586837,1515.8974104146378,1500.0,1500,1500,1726.3148525439933,1604.8811400965662,1761.2158231715725,1678.2742350951091,1708.89921953149
Camila Giorgi,2023-09-18,271,64,1732.7870788228997,1500,1500,1712.719502088429,1715.345147875404,1588.367024985773,1500,1500,1750.27020526848,1665.54662721195,1700.7005606306648,1750.943816330288,1699.7738290203342
Emma Navarro,2023-09-18,260,32,1718.1586809001224,1500,1500,1694.6257815248996,1638.076754154343,1582.4159647973165,1500,1500,1706.8736649274451,1587.128352663933,1668.8331257283894,1774.9308879170314,1717.0623123060027
Jaqueline Cristian,2023-11-10,105,27,1717.3347466260134,1500,1500,1656.9094824676101,1594.902454528716,1559.857281113557,1500,1500,1670.8783920429241,1433.697969208475,1705.8401510595918,1737.020977804298,1709.9072494332754
Bernarda Pera,2023-08-28,107,65,1713.0232384975666,1500,1500,1670.2194876223875,1754.0085103205258,1286.0862408217058,1500,1500,1702.2576702594004,1537.3148263333203,1706.973191758078,1735.7261698929162,1717.4934578879142
Elena Gabriela Ruse,2023-11-10,103,44,1712.9395082488388,1500,1500,1697.0007900126495,1301.7248762367415,1381.5282931293018,1500,1500,1680.4281569115742,1543.4179856143824,1616.2187027474515,1783.572607325942,1722.541531330157
Lucia Bronzetti,2023-10-16,297,67,1711.6210903260944,1500,1500,1660.5199805313355,1645.4691597454348,1455.66400076737,1500,1500,1709.8238010415453,1596.4255883461901,1718.8747443736045,1749.8094177355383,1674.2654224421328
Anna Blinkova,2023-10-16,273,60,1709.4625584122678,1500,1500,1629.347465854455,1684.5387723279214,1679.3376269164828,1500,1500,1677.4948133140642,1507.7346720825158,1619.147820725938,1721.5213584239518,1734.7109717112837
Irina Camelia Begu,2023-08-28,141,64,1707.3587503810136,1500,1500,1488.97183970552,1755.1728870077875,1605.1521729765414,1500,1500,1674.3334450585553,1570.9308234174548,1637.4273001747993,1719.3325694358027,1754.5041242402715
Xiyu Wang,2023-10-09,272,62,1703.3728599355843,1500,1500,1657.6440331802858,1672.5372546725605,1321.553186852651,1500,1500,1679.5275638892717,1589.8831957973655,1711.9594018306632,1750.0282718805079,1693.5964312947963
Ashlyn Krueger,2023-10-09,293,20,1702.0017414331169,1500,1500,1640.3548113657685,1500.0,1567.5487990573477,1500,1500,1692.6047516663061,1568.3232932312656,1683.4637485586775,1754.3814741925667,1696.390996847971
Yue Yuan,2023-10-09,298,25,1700.6703588491155,1500,1500,1688.3807535432215,1640.1727702763847,1268.2582632433018,1500,1500,1672.870454967091,1561.9665454250255,1730.6050729450074,1753.192253999611,1714.0992675645423
Linda Fruhvirtova,2023-10-09,282,52,1697.5575494355178,1500,1500,1640.0037530638326,1350.371622275777,1586.7107278070162,1500,1500,1653.0620397206555,1544.7066582288232,1697.2105478591784,1727.67810500629,1710.284716555857
Amanda Anisimova,2023-04-24,199,51,1696.9225675456496,1500,1500,1600.3014390421056,1693.4055602718122,1724.2913150246143,1500,1500,1656.136415350228,1607.39311363304,1622.6836559476744,1710.089472147285,1608.3962823591735
Elina Avanesyan,2023-10-16,280,28,1696.9202749249555,1500,1500,1274.2665589543087,1700.5388727576653,1627.1628573240364,1500,1500,1561.4528228402435,1515.8294622869969,1545.9465934182142,1683.5231960095257,1624.7834251045854
Ana Bogdan,2023-10-16,277,44,1694.1667326536744,1500,1500,1569.727927130987,1704.1204325600738,1660.0643566412077,1500,1500,1671.4912984445855,1586.8063561959077,1671.7034315914452,1734.3772210403781,1711.2359073714877
Eva Lys,2023-11-07,110,20,1691.1813404830282,1500,1500,1654.1235823940876,1614.717422721453,1500.0,1500,1500,1665.1955631370224,1566.0427615175352,1651.7611328973335,1776.0273487201368,1695.9650743361096
Anett Kontaveit,2023-07-03,129,53,1691.1460911312406,1500,1500,1718.8169797332025,1592.1349136894594,1594.6344543264522,1500,1500,1651.824006907878,1584.985667986771,1653.9691361290347,1680.6502973902604,1653.2672614049482
Dalma Galfi,2023-11-10,129,35,1688.5885355239982,1500,1500,1633.3923998900843,1205.6832496688348,1661.7549931069684,1500,1500,1610.3505619490754,1460.7899594492521,1741.083189548443,1694.51341869178,1749.5606487766906
Aliaksandra Sasnovich,2023-10-16,286,79,1688.5059863470433,1500,1500,1651.751579240272,1608.353604941256,1567.5914342878523,1500,1500,1657.9234061127106,1561.5099573412085,1705.5043477309162,1777.8999607633987,1722.3567422599226
Peyton Stearns,2023-10-09,282,31,1687.6584706533113,1500,1500,1619.1224260432064,1720.6828120242626,1459.3337115151146,1500,1500,1684.7871701775484,1592.9265634982664,1705.8986297516703,1749.821995420209,1714.1319687214336
Heather Watson,2023-07-31,283,35,1685.2056049332268,1500,1500,1625.4577612106132,1401.4963888231357,1653.2238690077074,1500,1500,1657.3595203632174,1477.9745549511258,1670.0498261959908,1679.7719891782676,1657.1070312375255
Nao Hibino,2023-11-10,102,32,1681.891646505469,1500,1500,1670.2757688869492,1231.8330493358308,1425.498688806569,1500,1500,1654.5793700280833,1495.0097133637555,1610.9890047129563,1736.81767968849,1728.7928219868356
Emiliana Arango,2023-10-16,272,10,1681.1693751998537,1500,1500,1680.7126420409884,1461.2032735861908,1500.0,1500,1500,1679.466706073814,1572.3545837359131,1648.0795422487952,1780.5161394744166,1698.8879385922344
Harriet Dart,2023-11-10,128,51,1677.2576705680117,1500,1500,1573.4749758370274,1481.2656357512017,1640.6823647733374,1500,1500,1650.7315140190083,1527.6297699900192,1660.0741237467316,1774.556885268523,1658.476831033707
Karolina Pliskova,2023-09-18,275,75,1676.5171720506942,1500,1500,1711.4117779097867,1585.2565150753387,1465.078413654819,1500,1500,1685.6596708929808,1629.5682811278614,1680.5935060533004,1728.3643853862166,1529.4219644827094
Mai Hontama,2023-11-10,101,19,1675.3964105610733,1500,1500,1655.6653774220117,1571.8017674903483,1392.0,1500,1500,1642.9298538995233,1561.4047311493784,1684.121901383914,1782.4688659116568,1711.630456527064
Greet Minnen,2023-11-10,115,26,1674.8208537103917,1500,1500,1575.1094713387802,1333.8642884068313,1511.9771721981263,1500,1500,1551.5033335150154,1493.9761514323832,1674.1934512348782,1711.5481394563033,1722.0058115943916
Tatjana Maria,2023-10-09,273,75,1674.5942776394872,1500,1500,1654.687729561758,1647.9252733973283,1692.623366344143,1500,1500,1676.9471709126935,1591.523953923837,1652.3762305440896,1753.7843427989676,1741.5728190384498
Varvara Gracheva,2023-10-16,289,71,1674.5600976145352,1500,1500,1695.0972606525324,1576.713373976063,1644.5059937985702,1500,1500,1634.5173693288561,1585.4963414905699,1683.9750788208096,1699.8122906888063,1734.3585849116791
Jule Niemeier,2023-11-07,117,53,1672.5548215523625,1500,1500,1430.0808260919002,1591.4623157582598,1700.0851426537804,1500,1500,1614.5575531265672,1468.182732759683,1651.2726669059466,1716.880773025278,1720.9068963193306
Viktoria Hruncakova,2023-11-10,107,27,1670.161799765694,1500,1500,1632.0057963505622,1439.602676775915,1586.8167599614699,1500,1500,1533.5338460213968,1384.4539470039958,1655.1592964038102,1714.4906724396876,1747.6509347577946
Hailey Baptiste,2023-09-18,275,17,1665.389153566774,1500,1500,1613.8411617226477,1573.9502662345296,1500.0,1500,1500,1596.7934516626783,1505.5370399546202,1616.1047137191545,1704.0767112353124,1648.9441503103026
Olga Danilovic,2023-07-24,279,14,1664.8284356538827,1500,1500,1274.205903990666,1687.784928026359,1500.0,1500,1500,1650.2057709463597,1522.3803421192267,1676.5155875120404,1751.4666603384128,1680.1966687461268
Magda Linette,2023-11-07,124,96,1661.2386201671818,1500,1500,1639.6037406807177,1575.2595582289591,1625.8559009709734,1500,1500,1615.1133308684296,1541.5986370274197,1660.0778989799721,1704.2208842797845,1655.7464360095094
Arantxa Rus,2023-11-10,112,39,1661.1819503314664,1500,1500,1469.5076190176405,1728.8647887999045,1392.0,1500,1500,1635.5573719486913,1543.2683003080658,1737.324970210386,1717.8467389436278,1718.2511435044132
Elizabeth Mandlik,2023-09-25,280,17,1656.764192980851,1500,1500,1582.4190227203112,1409.4426398571923,1629.7384647949402,1500,1500,1580.8802925755394,1421.4676416190346,1621.2890588053376,1734.2968189630246,1696.5085697245565
Lucrezia Stefanini,2023-10-16,295,16,1653.8612509721102,1500,1500,1659.3852044080495,1370.3934583373848,1323.2842793584175,1500,1500,1583.7359032389543,1437.249818657617,1625.7351580724055,1777.7003765808681,1715.627966867431
Jodie Burrage,2023-11-10,118,27,1650.245370862993,1500,1500,1541.6100520964594,1500.0,1673.0648349167277,1500,1500,1628.126508216526,1495.6217605970837,1599.820917614952,1746.8221592157233,1659.6505182901842
Aleksandra Krunic,2023-11-10,105,25,1650.1797785486579,1500,1500,1559.543594463237,1682.5534214554373,1396.1613570543977,1500,1500,1604.9352055696668,1581.9439803538887,1626.8460843121532,1690.8000326252711,1649.645153945554
Lauren Davis,2023-09-18,268,58,1649.2897254542565,1500,1500,1665.9361797117024,1619.3589883278325,1401.2881898676133,1500,1500,1651.5057801611144,1520.1142709419494,1632.0520326640346,1736.7459333113138,1683.918792450335
Claire Liu,2023-10-16,291,61,1646.2547903505379,1500,1500,1607.209536372762,1663.4913134251212,1276.220802143089,1500,1500,1642.1309397969678,1480.489968537307,1638.6159355341174,1743.128201293111,1698.7304403732803
Caty Mcnally,2023-07-03,109,33,1645.4013247364232,1500,1500,1640.0549246633802,1546.701594012559,1535.3159892203328,1500,1500,1633.714200897878,1578.721128896193,1641.2015359623404,1705.2898214172856,1628.611808857115
Alison Van Uytvanck,2023-02-06,279,29,1643.5038985472977,1500,1500,1638.4934617085496,1436.1354284482918,1443.350571384775,1500,1500,1633.2278650415733,1549.297386714972,1630.882879866832,1751.4088349119745,1700.4277845829888
Shelby Rogers,2023-07-03,147,60,1642.5137571940727,1500,1500,1676.5083362793628,1521.9302298815458,1355.5352975630271,1500,1500,1634.5004857089687,1554.3298573681116,1685.3229433886163,1741.9451011282113,1702.2097664094117
Nuria Parrizas Diaz,2023-10-16,290,68,1641.6136941025093,1500,1500,1692.089605175534,1463.4195478471029,1083.2605055578451,1500,1500,1560.2975790768357,1447.19021878107,1599.114156783043,1722.8089382657838,1690.4107679158774
Tamara Zidansek,2023-11-07,102,49,1637.1472180029393,1500,1500,1598.4286002198523,1653.9733999038867,1394.3973787259654,1500,1500,1660.815729768869,1500.1473594361426,1687.9574371743715,1765.5487963755438,1701.4230739233947
Alize Cornet,2023-11-07,105,82,1634.6245375015917,1500,1500,1426.9770780157935,1583.388866882901,1666.2163907426439,1500,1500,1567.8863008048513,1557.5665316935945,1582.6053509869942,1745.2029559249584,1673.8421291482448
Emina Bektas,2023-10-16,280,12,1633.9655835041003,1500,1500,1573.192035711463,1500.0,1610.1715428135808,1500,1500,1617.9553108921114,1496.6026401438937,1702.437803335744,1680.7432656306146,1677.985246032945
Mayar Sherif,2023-10-02,251,57,1632.9825368361276,1500,1500,1294.2020197669194,1722.7442803425388,1438.378320351758,1500,1500,1629.6946711863518,1462.279231611285,1716.007668486574,1720.3344412332422,1695.070591639591
Kaia Kanepi,2023-08-28,153,58,1630.5553688452287,1500,1500,1586.8356976322648,1546.0981910931625,1352.2614194247567,1500,1500,1648.9446909492497,1524.7219515433076,1689.7400325633255,1734.4463550995576,1583.9996268949194
Julia Grabher,2023-08-21,292,38,1628.9435945590983,1500,1500,1387.3326331517699,1658.2949838410946,1247.5475869267943,1500,1500,1610.3656631218255,1493.2327279278677,1631.6248376365547,1701.262367281682,1642.3901432113512
Fernanda Contreras Gomez,2023-11-10,114,14,1626.7462243699247,1500,1500,1617.208193803292,1625.2335121401306,1395.0900973806208,1500,1500,1574.2446801599917,1445.6951499862928,1691.8776213064723,1673.8167249003138,1677.7502689316686
Su Jeong Jang,2023-10-09,287,10,1624.2427396053736,1500,1500,1525.0535322846683,1657.4826580278602,1500.0,1500,1500,1619.371899865662,1573.8038916888077,1624.5858598135846,1721.217930658616,1650.4957561380309
Anna Bondar,2023-11-10,126,62,1622.3798491113687,1500,1500,1397.1027862532483,1684.5146093689252,1244.275900784336,1500,1500,1611.2170025965256,1540.8026320916351,1678.0538979668654,1718.4290069688368,1672.5375548873542
Vera Zvonareva,2023-10-16,283,21,1622.1541060549532,1500,1500,1616.770898255464,1448.9161331254013,1440.6973514212516,1500,1500,1574.3169413835426,1460.5279171793768,1683.6972504586467,1758.2883621957724,1742.2421372732754
Diane Parry,2023-09-25,285,39,1620.431723810506,1500,1500,1182.4129047191602,1698.4439851748496,1661.741287939412,1500,1500,1592.8661304001248,1446.6806006905788,1641.393934774659,1671.3998853153153,1611.6217110630457
Daria Saville,2023-11-07,102,44,1619.0086781931734,1500,1500,1609.6725871391382,1658.6264687022547,1378.483958217606,1500,1500,1616.9400525584947,1585.5131213828615,1678.0727521083536,1714.6187328448414,1634.0177582926494
Anna Karolina Schmiedlova,2023-11-10,104,50,1618.6495427173138,1500,1500,1556.6643095506379,1632.1128967727138,1524.2176459618088,1500,1500,1614.001389218743,1533.4093117874838,1667.3406991957954,1733.9367620536248,1695.7935890356164
Daria Snigur,2023-10-16,296,10,1618.4851716453547,1500,1500,1568.671170648556,1500.0,1563.6909365267281,1500,1500,1590.4711439753996,1482.9532641209562,1651.6837921710905,1759.6725207284824,1698.4696486996281
Mirjam Bjorklund,2023-08-28,112,16,1617.1545133782222,1500,1500,1572.837444761444,1580.0827712359173,1440.6496480844114,1500,1500,1397.7213035371592,1458.2536583900533,1716.2812701044716,1737.6070482324444,1728.4385904137755
Rebecca Peterson,2023-08-28,100,33,1610.415979643343,1500,1500,1720.4133941132225,1474.1367757752002,1091.562328095199,1500,1500,1544.5356325285409,1471.7292337427757,1600.4490460177767,1709.3885584728803,1662.0059755303776
Nadia Podoroska,2023-11-10,107,43,1608.4823975943266,1500,1500,1547.255701391273,1644.1597685535537,1572.7332330867664,1500,1500,1555.4011120029108,1455.393208303924,1601.7117969531898,1711.192690029614,1702.0402020615816
Kamilla Rakhimova,2023-10-16,277,42,1607.792673281018,1500,1500,1540.0075586467528,1583.614404773156,1428.9855822339946,1500,1500,1570.1760548331245,1459.5197071120167,1644.4984077507227,1713.5186148091427,1708.079669489384
Jil Teichmann,2023-10-16,273,68,1601.4428236084761,1500,1500,1626.563920749318,1571.2907133808972,1299.9930486217374,1500,1500,1587.7910558149933,1424.0056411100472,1655.5267866427773,1753.958432129399,1686.7642883888136
Katie Swan,2023-07-03,107,12,1587.1773659517705,1500,1500,1650.1328776477835,1500.0,1350.4162173800034,1500,1500,1521.7277452497444,1541.0238406350043,1635.1895522858172,1707.0447815038956,1633.8871933272046
Tereza Martincova,2023-07-31,280,59,1587.010526069283,1500,1500,1619.6282440553423,1056.9582213692097,1374.5440655354453,1500,1500,1458.6300975022052,1304.861111490798,1464.6874575617878,1713.6722528150588,1618.9459126091774
Eugenie Bouchard,2023-09-18,277,13,1586.9170123700476,1500,1500,1540.9782021966073,1508.5250056225939,1500.0,1500,1500,1580.6504095327655,1524.1921483816027,1641.138664990982,1661.1326464836704,1658.994767126656
Evgeniya Rodina,2023-07-17,280,14,1582.0223503519735,1500,1500,1646.3919517034362,1371.0770933379988,1478.7363783294184,1500,1500,1544.5673803135064,1449.7834051502186,1575.231578885081,1669.9031269112193,1682.0304309062772
Cristina Bucsa,2023-10-16,277,42,1581.9925398430014,1500,1500,1607.0973753137678,1498.7051670354904,1438.8465545960005,1500,1500,1444.0603734379372,1385.969258527751,1607.4403840334626,1702.3133403464674,1687.1850388715307
Kimberly Birrell,2023-11-07,111,21,1578.9689986942644,1500,1500,1583.2659082928003,1403.5869596670761,1561.413954931998,1500,1500,1571.267430160234,1495.3029668161855,1595.7694082687858,1707.0905542028786,1671.4754507961634
Sinja Kraus,2023-11-10,125,10,1578.7772117164563,1500,1500,1503.7028046689666,1596.1159266244085,1500.0,1500,1500,1614.2236481510436,1534.693775232767,1632.78938032701,1708.9631750896033,1635.8831799262991
Danka Kovinic,2023-08-28,102,37,1574.147624975839,1500,1500,1441.5409492220858,1686.8472801553073,1444.090089775373,1500,1500,1513.5046049119924,1480.9410713545176,1523.4735654363694,1714.7745077328298,1642.3827196910108
Simona Waltert,2023-07-24,281,10,1570.2831079506798,1500,1500,1438.3487092137232,1600.0980420215126,1443.5151066333287,1500,1500,1447.610571969473,1469.2624541489915,1621.8270268373628,1708.6017130207654,1657.4144858972325
Magdalena Frech,2023-11-07,114,59,1568.433640460487,1500,1500,1505.6482985769646,1574.4592795449125,1636.2213223706165,1500,1500,1603.9660488562554,1550.4334694228405,1665.1855936299141,1695.027143206875,1612.6931098979016
Madison Brengle,2023-08-28,149,43,1566.119530210968,1500,1500,1490.981615151767,1593.0025948078887,1361.6182245495268,1500,1500,1505.4226098827803,1329.6220245855543,1597.0942628977018,1774.2185180753397,1648.493908890715
Alycia Parks,2023-10-16,270,40,1551.1509838208553,1500,1500,1527.5807244250718,1592.7200349827033,1468.075894769003,1500,1500,1605.305540710124,1418.7091570818773,1651.7738560437872,1747.9759278329004,1655.1071609603728
Ann Li,2023-09-18,243,29,1550.1335787764074,1500,1500,1506.0582389300741,1500.0,1571.4741484028696,1500,1500,1409.3263159414637,1340.1934137842868,1668.0232129954736,1700.7593424451047,1690.613201806884
Erika Andreeva,2023-10-16,289,15,1542.1849204837604,1500,1500,1526.8554838011814,1426.9966173823236,1500.0,1500,1500,1508.188315961613,1467.909251939298,1702.8211347181052,1676.4611392608585,1634.500504654693
Kayla Day,2023-10-09,274,11,1539.893849340251,1500,1500,1406.3515122661142,1595.6667983504713,1500.0,1500,1500,1475.5529078788177,1456.56439594622,1736.257321467018,1670.6938666252202,1700.9137210342697
Viktorija Golubic,2023-11-07,104,53,1536.9218573492954,1500,1500,1437.3199226833967,1351.7844668258742,1639.978363110037,1500,1500,1580.623962418214,1367.9395210797331,1841.8795357889887,1542.5985423895772,1652.2541922667722
Panna Udvardy,2023-09-11,286,27,1526.1576277493548,1500,1500,1430.4610571425658,1399.2998794521616,1418.1152066975794,1500,1500,1394.9496703670147,1257.1683585282285,1625.215208308268,1694.3048695055315,1733.1063576480851
Coco Vandeweghe,2023-02-27,276,12,1521.2219979490753,1500,1500,1480.1474778786417,1615.0662944494911,1337.6791500156407,1500,1500,1314.1493634145293,1332.7503297282221,1584.5520108417743,1614.7050123071158,1621.029058164969
Storm Hunter,2023-11-07,109,21,1518.7907590422867,1500,1500,1425.8289724458514,1577.0432568860258,1209.3742258260856,1500,1500,1461.6347911672685,1288.556036718507,1630.1404917653126,1725.8699038673763,1706.8509137807073
Ankita Raina,2023-10-16,278,13,1513.8069660094925,1500,1500,1402.8730273561177,1598.2630461484173,1500.0,1500,1500,1442.31439621332,1397.9670118933211,1607.8762999755668,1691.2548115053482,1638.3999729145758
Sachia Vickery,2023-10-09,271,11,1512.8716150526984,1500,1500,1507.3346771463152,1516.0179553230735,1538.3115251600816,1500,1500,1526.7382883595794,1450.355860271313,1627.7470553484425,1736.6316848514,1727.4497158095114
Moyuka Uchijima,2023-10-09,271,17,1511.1780539861059,1500,1500,1429.2013804329447,1668.679329831038,1500.0,1500,1500,1563.334113266421,1501.410077823476,1655.3301146345889,1670.4599544289938,1665.5347721494884
Despina Papamichail,2023-09-25,272,20,1496.9738917562609,1500,1500,1499.6753773319401,1404.1125170958476,1500.0,1500,1500,1429.8422845396776,1262.944897268316,1552.6641326553672,1654.1450886192765,1642.1007767716321
Sara Errani,2023-10-16,292,19,1495.8733488417738,1500,1500,1496.3754892301592,1418.9306914179488,1287.8909484341584,1500,1500,1262.0490721070971,1226.978754130143,1615.6144926570967,1767.9871646391214,1662.8199284528537
Katie Volynets,2023-09-11,283,28,1492.8750476260748,1500,1500,1602.450552934313,1334.9011966638702,1226.4885758159908,1500,1500,1315.4913511161242,1318.533400209409,1606.7753736176082,1731.7597733269486,1682.8367416684341
Kateryna Baindl,2023-10-16,282,29,1491.249538292007,1500,1500,1456.268173491001,1647.1605438151898,1236.0728822146336,1500,1500,1509.647256641604,1366.3932199363214,1570.0573579082904,1694.3228481251429,1658.0454531453904
Anna Lena Friedsam,2023-11-07,112,27,1487.995946929788,1500,1500,1509.415587353386,1561.5046255598843,1205.678891082719,1500,1500,1491.274096624266,1500.1599011257304,1654.536529910728,1672.6695015009964,1624.3316496538907
Venus Williams,2023-08-28,158,14,1483.3322496111805,1500,1500,1276.3163476384912,1500.0,1504.4421709939106,1500,1500,1434.2733816235,1291.5034466275204,1570.544139454701,1698.2143198324923,1673.4710626221781
Rebecca Marino,2023-09-18,283,52,1481.0032930858902,1500,1500,1449.0321925433045,1454.720351053847,1298.373317300801,1500,1500,1462.3423859928757,1303.330416587307,1656.777126581965,1651.0276188100606,1651.1269272550162
Laura Pigossi,2023-11-10,106,29,1464.9906773404869,1500,1500,1402.4617923159944,1606.6281146399901,1356.7451461710625,1500,1500,1446.2642558516095,1483.8812309258547,1687.3058527571195,1669.8881682551505,1628.4185355639688
Dayana Yastremska,2023-11-10,112,52,1455.6866193782646,1500,1500,1486.6224013387969,1285.6744326330872,1451.55693167865,1500,1500,1398.8270500763822,1322.4932888511696,1583.5488971550822,1714.4293569817673,1653.365840595586
Leolia Jeanjean,2023-10-16,279,18,1452.4525876538014,1500,1500,1145.872408988012,1585.075640393502,1374.0982902860806,1500,1500,1224.9652706015472,1192.8101716750382,1619.455953656966,1679.950204917673,1655.675556695527
Carol Zhao,2023-09-18,256,10,1433.9523924487817,1500,1500,1455.6676916086897,1528.5074650507358,1412.472874784686,1500,1500,1424.7974467294903,1426.663785573615,1619.3421395724708,1644.3632427167774,1672.0281077537754
Ipek Oz,2023-10-16,275,11,1396.9665379013773,1500,1500,1285.1392203854782,1556.624679328954,1500.0,1500,1500,1430.1080282884104,1434.1408746949357,1622.063500267605,1636.9405894839992,1569.0519858017312
Astra Sharma,2023-07-17,282,17,1394.5998286776899,1500,1500,1200.4745815555962,1595.3963357957193,1389.8541294663387,1500,1500,1299.0030841448036,1329.6680583950588,1679.8326985338567,1646.126933774416,1556.0222216115053
Maria Lourdes Carle,2023-07-23,275,10,1369.2228950310307,1500,1500,1538.6897928057413,1396.653326372327,1500.0,1500,1500,1392.7127621166653,1412.4146873709306,1510.3803514036592,1656.7253384661524,1597.7127155425426
Arianne Hartono,2023-10-16,283,13,1362.0513497130285,1500,1500,1343.0249306700525,1336.3811090797676,1526.835564366963,1500,1500,1290.2650511026684,1311.7952938149876,1565.2821761219598,1680.6159565390283,1648.6863991218083
Alison Riske Amritraj,2023-07-03,149,51,1349.9399854503063,1500,1500,1403.090611188246,1563.110808576383,1582.8833767840506,1500,1500,1377.9885612733692,1411.096909320037,1632.9234405376963,1640.1898571712768,1616.1699850425719
Maryna Zanevska,2023-08-28,163,39,1329.0157539309023,1500,1500,1599.1459784807346,1482.1499782535896,1068.5558268242164,1500,1500,1371.6048229886235,1468.3707268831324,1584.8590345061934,1769.7561519136702,1667.156509407665
Oceane Dodin,2023-05-29,130,24,1328.275348636737,1500,1500,1081.0212463622938,1551.971638510325,1380.6174013816465,1500,1500,1267.3890174295655,1313.0114584749356,1579.1412048943212,1686.1100209667375,1701.4863347666233
Chloe Paquet,2023-10-16,281,15,1306.4959655767254,1500,1500,1397.9931146481877,1385.0342004952136,1360.5096155768845,1500,1500,1330.2624328810823,1273.1915710639778,1628.8206787052914,1619.202722980895,1580.4390994193034
Jaimee Fourlis,2023-06-19,280,10,1296.5506047717472,1500,1500,1206.059878195653,1371.4363903284861,1521.291319301968,1500,1500,1119.967294924583,1236.241668320341,1648.3235145730466,1672.8763846364745,1692.8847807769114
Ysaline Bonaventure,2023-07-03,133,25,1281.3856899878208,1500,1500,1582.0129447344507,1246.7106886564668,1278.972121235888,1500,1500,1176.7973125962253,1250.5346107872253,1500.2865734204797,1615.648868391697,1588.6673209065707
Viktoriya Tomova,2023-10-16,277,37,1276.8862769400857,1500,1500,1359.612944094611,1284.3918503694433,1567.8911381902235,1500,1500,1169.4881086602577,1217.6607177631686,1567.0214014625412,1726.3082669931823,1672.2015444691322
Louisa Chirico,2023-09-18,266,10,1269.2117011026246,1500,1500,1398.5001125028455,1345.6655255269075,1416.9195048028394,1500,1500,1170.9906109349708,1288.6874677525232,1638.1772055281683,1587.5786597380966,1587.4791114226855
Misaki Doi,2023-09-25,275,21,1263.8614684059753,1500,1500,1340.295026273216,1419.1422954541424,1343.2264823799906,1500,1500,1299.930684442943,1295.4943060607948,1715.9545962163334,1702.0437726576856,1673.267754626617
Ana Konjuh,2023-02-20,272,20,1229.6223207338312,1500,1500,1413.918695324383,1287.3884119074023,1500.0,1500,1500,1264.6266818628333,1327.7060286092228,1634.0292764161309,1617.1558407934313,1631.518356020758
Reka Luca Jani,2023-07-24,272,10,1202.104193167292,1500,1500,1500.0,1154.4845536684136,1500.0,1500,1500,1163.609463886039,1403.5546187139232,1530.3503581763093,1646.5846079303008,1583.0178396338426
Shuai Zhang,2023-08-07,251,74,1176.2120235049272,1500,1500,1504.1416731243883,1295.7036065438047,1580.759174836842,1500,1500,1172.6235355314575,1269.7210999938002,1618.2458097959664,1681.004816853941,1574.132554650056
Kristina Mladenovic,2023-09-18,240,15,1166.8611892241051,1500,1500,1392.0615923860873,1309.2228597620915,1427.9877279225655,1500,1500,990.794929772429,1122.589336510855,1485.6561021827154,1565.2014066881734,1598.9482254629172
Kristina Kucova,2023-10-16,282,17,1141.5028224350776,1500,1500,1189.6684497674653,1195.195336828774,1558.7334440037557,1500,1500,1193.6888819302935,1355.982723790241,1560.9783505813277,1602.6534953687021,1610.248237170545
Ulrikke Eikeri,2023-10-16,288,10,1021.0545183434698,1500,1500,1018.1465658974458,1448.1120095110145,1500.0,1500,1500,1053.0062619672963,1294.4021190672963,1545.994533653403,1684.8993267308774,1628.8032449915079
